26   0  1687624  1667162  1708086 17.5 17.3 17.7   556687   543265   570109 24.6 24.0 25.2   374393   362401   386385 22.4 21.7 23.1  45931  45603  46259  170780  165038  176522 29.9 28.9 30.9 Michigan                                      MI est11_MI.txt 28NOV2012
26   1     1914     1547     2281 17.9 14.5 21.3      493      383      603 32.6 25.3 39.9      331      251      411 28.2 21.4 35.0  35407  32448  38366                                        Alcona County                                 MI est11_MI.txt 28NOV2012
26   3     1388     1092     1684 16.3 12.8 19.8      355      275      435 22.7 17.6 27.8      233      175      291 19.2 14.4 24.0  39486  36463  42509                                        Alger County                                  MI est11_MI.txt 28NOV2012
26   5    13945    11772    16118 12.7 10.7 14.7     5150     4202     6098 18.3 14.9 21.7     3353     2628     4078 16.0 12.5 19.5  50559  48296  52822                                        Allegan County                                MI est11_MI.txt 28NOV2012
26   7     5389     4615     6163 18.6 15.9 21.3     1597     1276     1918 27.4 21.9 32.9     1075      834     1316 24.4 18.9 29.9  37270  34747  39793                                        Alpena County                                 MI est11_MI.txt 28NOV2012
26   9     3830     3242     4418 16.6 14.1 19.1     1376     1144     1608 30.0 24.9 35.1      917      748     1086 26.4 21.5 31.3  41679  38551  44807                                        Antrim County                                 MI est11_MI.txt 28NOV2012
26  11     2887     2390     3384 18.7 15.5 21.9      952      765     1139 31.9 25.6 38.2      683      547      819 29.8 23.9 35.7  38008  35442  40574                                        Arenac County                                 MI est11_MI.txt 28NOV2012
26  13     1339     1053     1625 17.2 13.5 20.9      421      329      513 24.9 19.4 30.4      280      211      349 21.5 16.2 26.8  38119  34419  41819                                        Baraga County                                 MI est11_MI.txt 28NOV2012
26  15     6579     5352     7806 11.3  9.2 13.4     2251     1770     2732 16.3 12.8 19.8     1504     1153     1855 14.5 11.1 17.9  50051  46813  53289                                        Barry County                                  MI est11_MI.txt 28NOV2012
26  17    14279    12052    16506 13.5 11.4 15.6     4904     3966     5842 21.5 17.4 25.6     3343     2647     4039 19.9 15.8 24.0  43068  40351  45785                                        Bay County                                    MI est11_MI.txt 28NOV2012
26  19     2094     1676     2512 12.2  9.8 14.6      710      550      870 20.6 16.0 25.2      483      366      600 18.7 14.1 23.3  45998  42420  49576                                        Benzie County                                 MI est11_MI.txt 28NOV2012
26  21    26993    23633    30353 17.6 15.4 19.8     9982     8526    11438 28.2 24.1 32.3     6644     5475     7813 25.7 21.2 30.2  40946  39247  42645                                        Berrien County                                MI est11_MI.txt 28NOV2012
26  23     7625     6594     8656 18.2 15.7 20.7     2702     2217     3187 26.0 21.3 30.7     1883     1525     2241 25.1 20.3 29.9  40462  37987  42937                                        Branch County                                 MI est11_MI.txt 28NOV2012
26  25    25801    22883    28719 19.6 17.4 21.8     9184     7765    10603 29.2 24.7 33.7     5908     4810     7006 25.8 21.0 30.6  39694  37541  41847                                        Calhoun County                                MI est11_MI.txt 28NOV2012
26  27     6625     5260     7990 12.9 10.2 15.6     2591     1997     3185 22.1 17.0 27.2     1775     1334     2216 20.0 15.0 25.0  44626  42088  47164                                        Cass County                                   MI est11_MI.txt 28NOV2012
26  29     3096     2485     3707 12.1  9.7 14.5     1041      803     1279 19.1 14.7 23.5      716      534      898 17.2 12.8 21.6  44061  41851  46271                                        Charlevoix County                             MI est11_MI.txt 28NOV2012
26  31     4813     4064     5562 18.9 16.0 21.8     1542     1257     1827 31.0 25.3 36.7     1015      795     1235 26.6 20.8 32.4  37133  34495  39771                                        Cheboygan County                              MI est11_MI.txt 28NOV2012
26  33     6296     5211     7381 18.6 15.4 21.8     1889     1499     2279 24.9 19.8 30.0     1297     1012     1582 23.2 18.1 28.3  39520  36526  42514                                        Chippewa County                               MI est11_MI.txt 28NOV2012
26  35     8260     7346     9174 27.0 24.0 30.0     2516     2120     2912 40.0 33.7 46.3     1872     1586     2158 41.6 35.2 48.0  31443  29390  33496                                        Clare County                                  MI est11_MI.txt 28NOV2012
26  37     7675     6699     8651 10.3  9.0 11.6     2274     1868     2680 12.7 10.4 15.0     1490     1196     1784 10.9  8.7 13.1  58286  55443  61129                                        Clinton County                                MI est11_MI.txt 28NOV2012
26  39     2418     1919     2917 17.6 14.0 21.2      782      600      964 29.6 22.7 36.5      539      410      668 27.0 20.5 33.5  37874  34829  40919                                        Crawford County                               MI est11_MI.txt 28NOV2012
26  41     6133     5348     6918 16.8 14.7 18.9     1568     1244     1892 21.0 16.7 25.3     1072      839     1305 19.4 15.2 23.6  40982  38006  43958                                        Delta County                                  MI est11_MI.txt 28NOV2012
26  43     3075     2401     3749 12.0  9.4 14.6      984      760     1208 18.5 14.3 22.7      647      484      810 16.1 12.0 20.2  44262  41029  47495                                        Dickinson County                              MI est11_MI.txt 28NOV2012
26  45    12571    10512    14630 11.8  9.9 13.7     4143     3322     4964 17.2 13.8 20.6     2723     2107     3339 15.0 11.6 18.4  51428  49247  53609                                        Eaton County                                  MI est11_MI.txt 28NOV2012
26  47     4233     3501     4965 13.1 10.8 15.4     1362     1081     1643 19.2 15.2 23.2      941      736     1146 17.3 13.5 21.1  48285  45277  51293                                        Emmet County                                  MI est11_MI.txt 28NOV2012
26  49    86200    79809    92591 20.7 19.2 22.2    31390    28215    34565 30.9 27.8 34.0    20827    18187    23467 27.8 24.3 31.3  40854  39728  41980                                        Genesee County                                MI est11_MI.txt 28NOV2012
26  51     5634     4870     6398 22.1 19.1 25.1     1803     1480     2126 35.9 29.5 42.3     1251     1018     1484 33.2 27.0 39.4  34747  32380  37114                                        Gladwin County                                MI est11_MI.txt 28NOV2012
26  53     3018     2423     3613 20.5 16.5 24.5      805      636      974 30.8 24.3 37.3      538      414      662 28.8 22.2 35.4  33382  30666  36098                                        Gogebic County                                MI est11_MI.txt 28NOV2012
26  55    11715     9984    13446 13.6 11.6 15.6     3534     2956     4112 18.8 15.7 21.9     2261     1814     2708 16.3 13.1 19.5  46786  44213  49359                                        Grand Traverse County                         MI est11_MI.txt 28NOV2012
26  57     7127     6035     8219 19.5 16.5 22.5     2401     1983     2819 27.5 22.7 32.3     1636     1327     1945 25.4 20.6 30.2  40359  37109  43609                                        Gratiot County                                MI est11_MI.txt 28NOV2012
26  59     8262     7020     9504 18.4 15.6 21.2     3015     2459     3571 28.5 23.2 33.8     2030     1629     2431 25.8 20.7 30.9  41030  38890  43170                                        Hillsdale County                              MI est11_MI.txt 28NOV2012
26  61     6819     5806     7832 20.1 17.1 23.1     1538     1226     1850 21.0 16.7 25.3     1036      812     1260 19.7 15.4 24.0  35425  32880  37970                                        Houghton County                               MI est11_MI.txt 28NOV2012
26  63     4645     3953     5337 14.4 12.3 16.5     1481     1195     1767 22.8 18.4 27.2     1020      805     1235 20.7 16.3 25.1  39726  37121  42331                                        Huron County                                  MI est11_MI.txt 28NOV2012
26  65    59677    55117    64237 22.6 20.9 24.3    13486    11378    15594 24.2 20.4 28.0     9038     7386    10690 22.5 18.4 26.6  42371  40671  44071                                        Ingham County                                 MI est11_MI.txt 28NOV2012
26  67     9664     8198    11130 16.6 14.1 19.1     3431     2849     4013 22.8 18.9 26.7     2284     1851     2717 20.6 16.7 24.5  46072  42306  49838                                        Ionia County                                  MI est11_MI.txt 28NOV2012
26  69     5560     4888     6232 22.1 19.4 24.8     1559     1273     1845 36.5 29.8 43.2     1026      812     1240 31.6 25.0 38.2  33487  31204  35770                                        Iosco County                                  MI est11_MI.txt 28NOV2012
26  71     1736     1349     2123 15.1 11.7 18.5      528      407      649 26.6 20.5 32.7      342      256      428 23.4 17.5 29.3  34384  31425  37343                                        Iron County                                   MI est11_MI.txt 28NOV2012
26  73    19194    17676    20712 30.0 27.6 32.4     2838     2351     3325 23.5 19.5 27.5     1839     1477     2201 21.5 17.3 25.7  38154  35996  40312                                        Isabella County                               MI est11_MI.txt 28NOV2012
26  75    24199    20453    27945 16.2 13.7 18.7     8758     7105    10411 24.6 20.0 29.2     5815     4538     7092 22.0 17.2 26.8  42379  40341  44417                                        Jackson County                                MI est11_MI.txt 28NOV2012
26  77    47181    43501    50861 19.3 17.8 20.8    11960    10108    13812 21.8 18.4 25.2     7557     6068     9046 19.0 15.2 22.8  45798  43811  47785                                        Kalamazoo County                              MI est11_MI.txt 28NOV2012
26  79     3171     2630     3712 18.7 15.5 21.9     1107      867     1347 29.6 23.2 36.0      766      588      944 27.8 21.4 34.2  38053  34943  41163                                        Kalkaska County                               MI est11_MI.txt 28NOV2012
26  81    88002    79887    96117 14.7 13.3 16.1    31353    27398    35308 20.2 17.7 22.7    20335    17156    23514 18.2 15.4 21.0  50651  49223  52079                                        Kent County                                   MI est11_MI.txt 28NOV2012
26  83      292      225      359 13.5 10.4 16.6       91       70      112 22.6 17.4 27.8       61       46       76 20.7 15.5 25.9  38207  34835  41579                                        Keweenaw County                               MI est11_MI.txt 28NOV2012
26  85     2992     2451     3533 26.9 22.0 31.8      957      771     1143 48.3 38.9 57.7      657      519      795 44.5 35.2 53.8  28971  26926  31016                                        Lake County                                   MI est11_MI.txt 28NOV2012
26  87    10919     9187    12651 12.6 10.6 14.6     3967     3263     4671 19.4 16.0 22.8     2663     2137     3189 16.7 13.4 20.0  50232  47075  53389                                        Lapeer County                                 MI est11_MI.txt 28NOV2012
26  89     2535     2144     2926 11.9 10.1 13.7      716      587      845 18.3 15.0 21.6      495      402      588 16.6 13.5 19.7  51267  47731  54803                                        Leelanau County                               MI est11_MI.txt 28NOV2012
26  91    12480    10797    14163 13.2 11.4 15.0     3951     3192     4710 18.0 14.5 21.5     2720     2101     3339 16.6 12.8 20.4  45512  42782  48242                                        Lenawee County                                MI est11_MI.txt 28NOV2012
26  93    12459    10445    14473  6.9  5.8  8.0     3918     3152     4684  8.8  7.1 10.5     2561     1996     3126  7.3  5.7  8.9  68895  65225  72565                                        Livingston County                             MI est11_MI.txt 28NOV2012
26  95     1133      895     1371 21.0 16.6 25.4      333      262      404 29.9 23.5 36.3      220      170      270 27.1 20.9 33.3  36515  33031  39999                                        Luce County                                   MI est11_MI.txt 28NOV2012
26  97     1588     1268     1908 14.5 11.6 17.4      470      367      573 23.8 18.6 29.0      326      251      401 21.5 16.5 26.5  36393  34249  38537                                        Mackinac County                               MI est11_MI.txt 28NOV2012
26  99   118023   109330   126716 14.1 13.1 15.1    38855    34879    42831 20.6 18.5 22.7    27083    24119    30047 19.2 17.1 21.3  50958  49741  52175                                        Macomb County                                 MI est11_MI.txt 28NOV2012
26 101     3918     3231     4605 16.8 13.9 19.7     1228      989     1467 27.4 22.1 32.7      838      657     1019 24.5 19.2 29.8  39347  37105  41589                                        Manistee County                               MI est11_MI.txt 28NOV2012
26 103    11343    10060    12626 18.0 16.0 20.0     2500     2052     2948 20.6 16.9 24.3     1573     1234     1912 18.2 14.3 22.1  41663  39515  43811                                        Marquette County                              MI est11_MI.txt 28NOV2012
26 105     5111     4439     5783 18.1 15.7 20.5     1576     1273     1879 26.7 21.6 31.8     1008      770     1246 23.4 17.9 28.9  39101  35790  42412                                        Mason County                                  MI est11_MI.txt 28NOV2012
26 107    10217     9001    11433 25.6 22.5 28.7     2992     2537     3447 36.1 30.6 41.6     1975     1626     2324 32.3 26.6 38.0  38634  36030  41238                                        Mecosta County                                MI est11_MI.txt 28NOV2012
26 109     3724     3085     4363 15.8 13.1 18.5     1262     1042     1482 26.2 21.6 30.8      834      673      995 22.7 18.3 27.1  39292  36202  42382                                        Menominee County                              MI est11_MI.txt 28NOV2012
26 111    10766     9094    12438 13.0 11.0 15.0     3360     2777     3943 17.6 14.5 20.7     2173     1752     2594 15.0 12.1 17.9  53764  49957  57571                                        Midland County                                MI est11_MI.txt 28NOV2012
26 113     2793     2324     3262 19.0 15.8 22.2     1012      811     1213 29.0 23.2 34.8      707      562      852 27.4 21.8 33.0  37616  35088  40144                                        Missaukee County                              MI est11_MI.txt 28NOV2012
26 115    18145    15548    20742 12.1 10.4 13.8     6340     5298     7382 18.0 15.0 21.0     3825     3056     4594 14.3 11.4 17.2  54174  51311  57037                                        Monroe County                                 MI est11_MI.txt 28NOV2012
26 117    10579     8960    12198 17.7 15.0 20.4     3865     3137     4593 26.5 21.5 31.5     2592     2042     3142 23.7 18.7 28.7  41023  39156  42890                                        Montcalm County                               MI est11_MI.txt 28NOV2012
26 119     1793     1442     2144 18.9 15.2 22.6      544      420      668 35.3 27.2 43.4      382      290      474 32.7 24.8 40.6  32241  30120  34362                                        Montmorency County                            MI est11_MI.txt 28NOV2012
26 121    33079    29613    36545 20.0 17.9 22.1    11621     9993    13249 28.4 24.4 32.4     7335     5985     8685 24.6 20.1 29.1  38482  36060  40904                                        Muskegon County                               MI est11_MI.txt 28NOV2012
26 123     8543     7297     9789 17.9 15.3 20.5     3101     2544     3658 26.9 22.1 31.7     2145     1737     2553 25.1 20.3 29.9  41674  39144  44204                                        Newaygo County                                MI est11_MI.txt 28NOV2012
26 125   134420   125796   143044 11.2 10.5 11.9    40984    37154    44814 14.9 13.5 16.3    28238    25285    31191 13.6 12.2 15.0  61961  60989  62933                                        Oakland County                                MI est11_MI.txt 28NOV2012
26 127     5423     4558     6288 20.7 17.4 24.0     2006     1613     2399 31.5 25.3 37.7     1363     1059     1667 29.3 22.8 35.8  39670  36792  42548                                        Oceana County                                 MI est11_MI.txt 28NOV2012
26 129     4693     3978     5408 22.1 18.7 25.5     1555     1281     1829 37.5 30.9 44.1     1132      933     1331 36.1 29.7 42.5  33222  30711  35733                                        Ogemaw County                                 MI est11_MI.txt 28NOV2012
26 131     1025      817     1233 15.7 12.5 18.9      264      205      323 27.0 21.0 33.0      177      133      221 23.4 17.6 29.2  34352  31663  37041                                        Ontonagon County                              MI est11_MI.txt 28NOV2012
26 133     4075     3391     4759 17.6 14.6 20.6     1526     1196     1856 27.9 21.9 33.9     1016      768     1264 25.1 19.0 31.2  38404  35626  41182                                        Osceola County                                MI est11_MI.txt 28NOV2012
26 135     1637     1291     1983 19.2 15.2 23.2      560      432      688 33.2 25.6 40.8      391      296      486 31.8 24.0 39.6  31579  29542  33616                                        Oscoda County                                 MI est11_MI.txt 28NOV2012
26 137     3232     2618     3846 13.6 11.0 16.2     1187      942     1432 22.5 17.9 27.1      791      604      978 20.3 15.5 25.1  44129  40261  47997                                        Otsego County                                 MI est11_MI.txt 28NOV2012
26 139    29471    25715    33227 11.4  9.9 12.9     8374     6807     9941 12.4 10.1 14.7     5746     4622     6870 11.5  9.2 13.8  54461  51789  57133                                        Ottawa County                                 MI est11_MI.txt 28NOV2012
26 141     2009     1656     2362 15.5 12.8 18.2      559      437      681 25.5 19.9 31.1      376      288      464 22.3 17.1 27.5  39483  36646  42320                                        Presque Isle County                           MI est11_MI.txt 28NOV2012
26 143     5097     4297     5897 21.2 17.9 24.5     1322     1042     1602 35.8 28.2 43.4      876      668     1084 31.8 24.2 39.4  32742  30082  35402                                        Roscommon County                              MI est11_MI.txt 28NOV2012
26 145    38356    33822    42890 19.9 17.5 22.3    13988    11927    16049 31.1 26.5 35.7     9596     8127    11065 28.8 24.4 33.2  40411  38803  42019                                        Saginaw County                                MI est11_MI.txt 28NOV2012
26 147    25106    21921    28291 15.7 13.7 17.7     8097     6674     9520 22.1 18.2 26.0     5398     4355     6441 19.5 15.7 23.3  45858  43695  48021                                        St. Clair County                              MI est11_MI.txt 28NOV2012
26 149    12207    10681    13733 20.3 17.8 22.8     4634     3940     5328 30.5 25.9 35.1     3175     2678     3672 28.7 24.2 33.2  40796  38297  43295                                        St. Joseph County                             MI est11_MI.txt 28NOV2012
26 151     7150     5955     8345 17.0 14.2 19.8     2663     2121     3205 27.4 21.8 33.0     1820     1410     2230 25.0 19.4 30.6  37465  35349  39581                                        Sanilac County                                MI est11_MI.txt 28NOV2012
26 153     1235      970     1500 14.8 11.6 18.0      413      318      508 25.2 19.4 31.0      278      210      346 22.4 16.9 27.9  38366  34600  42132                                        Schoolcraft County                            MI est11_MI.txt 28NOV2012
26 155     9994     8462    11526 14.5 12.3 16.7     3453     2781     4125 21.5 17.3 25.7     2261     1772     2750 18.4 14.4 22.4  46811  44117  49505                                        Shiawassee County                             MI est11_MI.txt 28NOV2012
26 157     7878     6400     9356 14.5 11.8 17.2     2991     2375     3607 24.5 19.5 29.5     2008     1546     2470 21.8 16.8 26.8  42808  40572  45044                                        Tuscola County                                MI est11_MI.txt 28NOV2012
26 159    16142    14102    18182 21.5 18.8 24.2     5936     5060     6812 31.7 27.0 36.4     3977     3340     4614 28.8 24.2 33.4  41600  39939  43261                                        Van Buren County                              MI est11_MI.txt 28NOV2012
26 161    55202    51254    59150 16.7 15.5 17.9    12164    10592    13736 17.5 15.2 19.8     7524     6304     8744 14.8 12.4 17.2  56789  54802  58776                                        Washtenaw County                              MI est11_MI.txt 28NOV2012
26 163   464882   449994   479770 26.1 25.3 26.9   167737   159738   175736 37.9 36.1 39.7   114569   108286   120852 35.2 33.3 37.1  38479  37750  39208                                        Wayne County                                  MI est11_MI.txt 28NOV2012
26 165     4898     3966     5830 15.2 12.3 18.1     1862     1430     2294 24.8 19.1 30.5     1183      871     1495 21.9 16.1 27.7  43873  41358  46388                                        Wexford County                                MI est11_MI.txt 28NOV2012
